time,x,y,z,phi,theta,psi,x_velocity,y_velocity,z_velocity,phi_velocity,theta_velocity,psi_velocity,rotor_speed1,rotor_speed2,rotor_speed3,rotor_speed4
0.06,8.45408700857e-08,2.67109239426e-07,10.001741138,6.28267897686,6.2829430236,0.0,1.29305907726e-05,-4.83313409044e-06,0.0580361897354,-0.0362919312955,-0.0136724101866,0.0,423.8224807610828,422.6460151311867,425.07652473040065,421.95562761532676
0.12000000000000001,7.5870644432e-06,-1.42203323284e-05,10.0044396365,6.28145402367,6.28191598735,0.0,0.000313219891874,-0.000610584714304,0.0319150241731,0.000222298643305,-0.0250934530212,0.0,394.64783616265026,393.59245312955784,393.9328519428517,397.29406520871487
0.18,6.10782804045e-05,-9.02466902827e-05,10.0118397003,6.2819284625,6.28114705153,0.0,0.00159144467193,-0.00189199647178,0.214736236729,0.0200136481176,0.00446061603787,0.0,461.3960046812622,463.7230195330669,461.5358299770216,463.0948669461373
0.23999999999999996,0.000208198922149,-0.000230683852605,10.0329744059,6.2829016643,6.28124175322,0.0,0.00328830764909,-0.0026483844516,0.489676705247,0.00728245119457,-0.0049199560188,0.0,489.39710118120274,488.69848210929507,490.1239434496616,489.17687836007724
0.3,0.000447995709695,-0.000393365425325,10.0659951857,0.000595277230124,6.2810149307,0.0,0.00473215344162,-0.00270195205263,0.610958333188,0.0263507344841,-0.00159330681744,0.0,443.41283807662035,443.6860713993289,443.41109965458884,444.9745013142012
0.36000000000000004,0.000772653552216,-0.000538591860865,10.1040046735,0.00218944446705,6.28161753195,0.0,0.00605967824518,-0.00198992169727,0.655999389305,0.027003279911,0.0266633524432,0.0,418.6032687822167,421.0545792299564,419.1380316923785,419.1949316515713
0.4200000000000001,0.00116267898603,-0.000605670851285,10.1466844194,0.0039139775266,0.000255864734843,0.0,0.00676287261071,-7.27845821152e-05,0.766590371619,0.0320106018015,0.0369690232734,0.0,440.6598518547641,441.51112459034124,440.12547268805923,440.5398894172739
0.48000000000000015,0.00155428602139,-0.000522652123465,10.1954958579,0.00579197645265,0.00291400008541,0.0,0.00604123104737,0.00303182685684,0.860390094991,0.0298397428378,0.0559596250579,0.0,434.2655384930693,435.85648684972483,436.12165878101047,435.9406895243808
0.5400000000000001,0.00184358039456,-0.000214228543326,10.2501259906,0.00722206330688,0.00639459582844,0.0,0.00325306235775,0.00741689333741,0.960532640718,0.00776607558749,0.0618224379646,0.0,438.1713985678235,438.6608378246996,437.9376331822658,436.0980408057773
0.6000000000000002,0.00186872405933,0.000406372127782,10.3141219652,0.00771352715847,0.00999861429597,0.0,-0.00284745298418,0.013325132159,1.17246954997,0.00902779526903,0.0563038734527,0.0,471.42078086172853,470.99654253096094,472.80965760021263,472.9067204503515
0.6600000000000003,0.00150134242872,0.00135037156242,10.3853041244,0.0082499663028,0.0134505738572,0.0,-0.00971022378314,0.0181904739429,1.20023623703,0.00876579323286,0.0598824971008,0.0,415.47869617468547,415.7948296601194,413.91778392786716,413.89461353076183
0.7200000000000003,0.000591316845908,0.00263524980654,10.4628474756,0.0085415457195,0.0171229653184,0.0,-0.0210369484588,0.0246854581057,1.38433070677,-0.00439691694496,0.0637300604173,0.0,464.4966047386139,464.80070173495074,464.41780068158306,463.38427275413585
0.7800000000000004,-0.00101635590845,0.00428101925033,10.5476159451,0.00846512145642,0.0210454885655,0.0,-0.0329214124443,0.030157176192,1.44120774363,0.00433732187016,0.0684767252037,0.0,425.18309311294297,425.59288276004844,424.17575873333817,424.92512195680877
0.8400000000000004,-0.00345362093487,0.00627080324169,10.6376153558,0.0083342059901,0.0250417055352,0.0,-0.04874150324,0.0361795727365,1.55860961572,-0.0202652587652,0.0625684751775,0.0,444.69673758545053,444.21585015517223,445.5538233634483,443.538072491548
0.9000000000000005,-0.00695445281226,0.00862315765161,10.7358645013,0.00715417872844,0.0287008780809,0.0,-0.0683570073702,0.0420979201597,1.71612826264,-0.018496997539,0.0576190151566,0.0,457.71932485211227,457.3278261699931,456.8653942953946,457.00639409320996
0.9600000000000005,-0.0117068265489,0.0113030554414,10.8433512326,0.00598374383573,0.032206222618,0.0,-0.0904297313048,0.047105529688,1.86651774703,-0.0216082490961,0.05998199437,0.0,456.2559977300799,456.4468781041719,454.8870153954917,454.63786758093573
1.0200000000000005,-0.0178644935973,0.0142569703282,10.9599145878,0.00461898625414,0.036389223181,0.0,-0.115249751949,0.0512107928686,2.01865602964,-0.025124138195,0.0842641958575,0.0,456.1142926504686,458.05270452431705,456.28894150382723,456.00816769928144
1.0800000000000005,-0.0255073715722,0.0174141899223,11.0828646898,0.00319322196507,0.0410264290134,0.0,-0.139981033899,0.0538882364493,2.07955238986,-0.0211705191935,0.0572699350752,0.0,430.028150266126,427.74027435913683,427.949753585047,428.28604419877
1.1400000000000006,-0.0347761189485,0.0207093485838,11.2108344837,0.00217863374551,0.0448078863436,0.0,-0.169342721065,0.0558332464212,2.18589194591,-0.00951997801509,0.0725759738609,0.0,442.8049698482642,444.0650861610532,442.68992054744893,443.64756814113196
1.2000000000000006,-0.0459950955468,0.0241071837539,11.3475041892,0.00132951223173,0.049484680024,0.0,-0.20512520562,0.0573483305371,2.36937519666,-0.0255596569574,0.086958284733,0.0,466.9857091724584,468.11062974762723,467.8311040217484,466.5806904827097
1.2600000000000007,-0.0593217919069,0.0275691311545,11.4921877954,6.28306350779,0.0546059721712,0.0,-0.239604555811,0.0579011053119,2.45320450193,-0.0215786669501,0.0819404530396,0.0,438.86743902631395,438.45685326439485,436.16966745777523,436.5019141949423
1.3200000000000007,-0.0753514774474,0.0310325450982,11.6514626397,6.28193535238,0.0596635923589,0.0,-0.295399522266,0.0573694627944,2.85499434352,-0.0137601749008,0.088624884458,0.0,530.0439220786625,530.5076260692282,528.7882851734036,529.3266890933241
1.3800000000000008,-0.0941983767584,0.0344486194567,11.8235869582,6.28108851221,0.0648787044593,0.0,-0.333307645254,0.056423503115,2.8823769451,-0.0148311915535,0.0832692587699,0.0,422.16484137276956,421.70915198845387,421.61284051177677,421.52039468723626
1.4400000000000008,-0.115663735466,0.0377834693054,12.0011169023,6.28001953819,0.0699353538027,0.0,-0.382730847234,0.0546325237033,3.03484798864,-0.0245774730383,0.0862200978546,0.0,462.3175613458597,462.55551164826426,461.06337629017406,460.2927882919715
1.5000000000000009,-0.140166924883,0.0409874474235,12.1872008173,6.27798078916,0.075594915564,0.0,-0.434599844582,0.0519987538777,3.16753558847,-0.0698691705471,0.106947508017,0.0,455.0026250594731,456.6661430753339,458.8776662363457,455.26715935055137
1.560000000000001,-0.167564028644,0.0440048622587,12.376741627,6.27406558572,0.0823490327991,0.0,-0.479200814699,0.0482394086016,3.15048003202,-0.0573351692253,0.121930898254,0.0,408.3670089348739,409.71372244897725,408.32118136604186,409.43425585093627
1.620000000000001,-0.198413078143,0.0466554657617,12.5730733726,6.27023960841,0.0901477826978,0.0,-0.54997767221,0.0396805889561,3.3931171379,-0.0814780845163,0.142526478418,0.0,489.7827623717762,491.32561898948643,490.1621516343587,488.3618692509371
1.680000000000001,-0.233168433969,0.0487718622501,12.7780668358,6.26519172718,0.0990251442178,0.0,-0.609343324384,0.0304021566625,3.43975269581,-0.0900458375776,0.157046378883,0.0,431.418143325344,432.663478668716,432.29725720262394,431.56861367642773
1.740000000000001,-0.271896928214,0.0501893990355,12.9881964487,6.2600667469,0.108854566293,0.0,-0.682586735661,0.0163044330317,3.56404151751,-0.0774790038358,0.174750376619,0.0,456.6256977030511,458.0603494433364,456.26183609353774,457.258216109123
1.8000000000000012,-0.315052372735,0.0506938120209,13.2041205937,6.25536474747,0.119308824173,0.0,-0.756923013516,6.29023240739e-05,3.63304969871,-0.0802026830838,0.173193458258,0.0,441.0948255723833,440.99568699926397,440.85009257122584,440.6200093551562
1.8600000000000012,-0.363506908046,0.049983520086,13.4293451436,6.25137648345,0.12983600937,0.0,-0.85941438598,-0.0242397212565,3.87342326955,-0.0477795411611,0.179621716066,0.0,493.10369432273933,493.6046022196351,492.1070257684995,494.49811197978187
1.9200000000000013,-0.417453102546,0.0479493127854,13.6620028239,6.24846202631,0.140541782735,0.0,-0.93973679368,-0.0438156084211,3.88161677268,-0.0502125473736,0.175935703113,0.0,423.96123053663786,423.67680516146106,424.45237685369176,424.24193120409564
1.9800000000000013,-0.476817339408,0.0445888879473,13.8979563343,6.2453798668,0.151043936493,0.0,-1.04009428142,-0.0684891339154,3.98291649623,-0.0537885807455,0.173175490919,0.0,455.07133102274736,454.87902972373297,454.1875900740211,453.8990401018456
2.0400000000000014,-0.54312421882,0.0395100116679,14.144509484,6.24165301012,0.161250978035,0.0,-1.17127218504,-0.101179665814,4.23431209312,-0.0892097673848,0.163177521923,0.0,500.4623815012976,499.7582485316191,501.59914601748295,499.017286510266
2.1000000000000014,-0.617414978945,0.0324042284837,14.4052306536,6.23593762143,0.170819365967,0.0,-1.30610328145,-0.136289036158,4.45522577854,-0.111466706847,0.150798158416,0.0,493.91048890544886,493.0178596564383,495.137496958363,493.4902472283147
2.1600000000000015,-0.699520055799,0.0231899310377,14.6762527974,6.22926752408,0.179605714821,0.0,-1.4315834045,-0.171520293661,4.57804527929,-0.110578557145,0.135878008715,0.0,467.85017182211885,466.7057232323871,467.13325757585966,467.1922303045496
2.2200000000000015,-0.788753610622,0.01189802751,14.9513998955,6.22244445772,0.187578658152,0.0,-1.54357631664,-0.205460241128,4.59318373936,-0.120872986443,0.126101807604,0.0,434.68780448881137,433.88432804173254,435.94831117001144,435.07527648335866
2.2800000000000016,-0.884373731667,-0.00139872308124,15.2249186214,6.21509058291,0.19468311776,0.0,-1.64438664776,-0.238330323495,4.52412995076,-0.126178807449,0.0949541576715,0.0,408.9542168391671,406.183324185706,406.9277985677545,406.4373284289981
2.3400000000000016,-0.98685075728,-0.0170258840024,15.4977791678,6.20782845082,0.200053931858,0.0,-1.77200245087,-0.283241039185,4.57074457817,-0.112351425841,0.0754815645198,0.0,446.39287079424577,444.8073482257109,445.5630148673907,446.6788828513682
2.4000000000000017,-1.09639805312,-0.0352222496458,15.7700224705,6.20104159234,0.204394011253,0.0,-1.87998255169,-0.323832978748,4.50406677187,-0.114683980709,0.0651562131227,0.0,409.1973831994496,408.281554870214,409.23554431801557,409.0152382244774
2.4600000000000017,-1.21364709003,-0.0564198180135,16.0437478266,6.194067836,0.208300687561,0.0,-2.02863451459,-0.383413500637,4.61932996407,-0.119510998386,0.0650212812855,0.0,467.96363880689773,467.9560240695098,468.9933410835786,468.6068935552634
2.520000000000002,-1.34021209163,-0.0814687167939,16.3257905275,6.1870544568,0.212669626522,0.0,-2.19052187621,-0.452248208103,4.78104850024,-0.112108291544,0.0850531952817,0.0,482.9081661384183,484.4205561239753,484.09486257598854,484.64060134780146
2.580000000000002,-1.47576459457,-0.11042520654,16.6136537413,6.18112529498,0.217825190195,0.0,-2.32834396706,-0.513500030603,4.8138987547,-0.0805552252518,0.0876159153582,0.0,445.9799823660709,446.195331030538,445.30824492258046,447.8733389232692
2.640000000000002,-1.62078201137,-0.143662910547,16.9083257892,6.1760796497,0.222698597808,0.0,-2.50597112073,-0.594866272801,5.00720892665,-0.0923201446771,0.0636697838215,0.0,498.4724339042209,496.72362254283763,495.79217740604,494.9218680432433
2.700000000000002,-1.77514581513,-0.181221056177,17.2082951726,6.17107842593,0.226601762048,0.0,-2.63984940011,-0.657493195854,4.99150773057,-0.0696962495411,0.0676831172099,0.0,434.44217806692103,434.7818302741401,432.8961132942603,434.78989806074856
2.760000000000002,-1.93779820728,-0.222702624183,17.5080480849,6.16684156619,0.23037335073,0.0,-2.78225373526,-0.725559969996,4.99986295426,-0.0725157250913,0.0508598325709,0.0,443.52347756134327,442.14218537446794,442.80430684613276,442.5684257371107
2.820000000000002,-2.10929689533,-0.268453530253,17.809214282,6.16237059218,0.232827262746,0.0,-2.93462936591,-0.79982435584,5.03846878937,-0.0788491075359,-0.00529421026096,0.0,455.81505856389947,451.3049959992045,453.4730111903789,452.95964270155724
2.880000000000002,-2.2900907168,-0.318796954238,18.1131036036,6.15804203726,0.232203351813,0.0,-3.09177361795,-0.878663077747,5.09064898872,-0.0613018918239,-0.0233125858085,0.0,458.72589079624515,457.29269399032427,458.8314275883518,460.218678163272
2.940000000000002,-2.4800622771,-0.37381532654,18.4190406018,6.15483139666,0.231014615179,0.0,-3.24053510029,-0.955558743288,5.10693346775,-0.041275591905,-0.0135985569599,0.0,448.7269158218671,449.5149614498169,446.7835120861305,448.41161318869797
3.000000000000002,-2.67963972758,-0.433873887904,18.7288078002,6.15244713393,0.230376964751,0.0,-3.41189962458,-1.04655102909,5.21782204585,-0.0368275843048,-0.00526423170745,0.0,479.36249636113934,479.99563914462186,477.51725447025797,477.8558172275434
3.0600000000000023,-2.88940756762,-0.499384736433,19.0447843946,6.15061988963,0.229819210695,0.0,-3.58026668711,-1.13725841004,5.31396225568,-0.0200537364465,-0.0189113843582,0.0,476.3552796630548,475.3104692049083,475.28270911396766,476.5665036269443
3.1200000000000023,-3.10840832631,-0.569875909091,19.3627918161,6.14912433682,0.228879758488,0.0,-3.71978749992,-1.21255998353,5.28619312195,-0.0370861519016,-0.00983642292765,0.0,437.84817106799005,438.6027613255373,438.5976285429128,437.18028263280513
3.1800000000000024,-3.33488042957,-0.644390420478,19.6752430785,6.14685656109,0.22830769091,0.0,-3.82952517752,-1.27149431087,5.12941544858,-0.0392553321317,-0.00893726897253,0.0,392.75289808330746,392.8364158842959,393.6638736211278,393.46216572206487
3.2400000000000024,-3.56843808756,-0.722754978585,19.9803276771,6.14435656712,0.227475826622,0.0,-3.95588404308,-1.34088353848,5.04026770556,-0.0469855454226,-0.0262021890979,0.0,417.434108248386,415.92450073001083,415.95627165839517,415.27752384812965
3.3000000000000025,-3.81010706819,-0.805633265766,20.282258996,6.14192698743,0.225855179421,0.0,-4.09974328538,-1.42194628117,5.02394768128,-0.0299339783223,-0.0286788544071,0.0,440.11477801619327,439.90952687243293,440.09693452976666,441.50538350705347
3.3600000000000025,-4.0598874497,-0.89309523328,20.5809402487,6.14007313702,0.224009094282,0.0,-4.22637081426,-1.49364631576,4.93233764959,-0.0328973790463,-0.035312432363,0.0,415.51812988813066,414.9356503541031,415.2377852285806,414.97728099195865
3.4200000000000026,-4.31848420723,-0.985653524289,20.879392646,6.138027243,0.222263641575,0.0,-4.39336381965,-1.5917622112,5.01541184948,-0.0366145793601,-0.0188955539905,0.0,471.12951972764705,472.3971204057206,472.14565400226616,471.85832309624016
3.4800000000000026,-4.58676610665,-1.08392797367,21.1813368483,6.13546748611,0.221032331362,0.0,-4.54935001084,-1.68423295187,5.04894484623,-0.058888793408,-0.0239904204049,0.0,457.7349496573964,457.3292663641882,458.9966007150131,457.2240399304733
3.5400000000000027,-4.8637675201,-1.18737673807,21.4823970202,6.13188150994,0.220477558325,0.0,-4.68417357984,-1.76437356576,4.9864209371,-0.0615808215064,0.0103910336091,0.0,425.4968071623254,428.43077569649506,427.69559966435185,427.46353261938503
3.6000000000000028,-5.15023524573,-1.29660137742,21.785605646,6.12772872449,0.220953014222,0.0,-4.86477512338,-1.87672599605,5.1194181402,-0.0923624752469,0.00246735248077,0.0,489.87268279254295,489.2829030663716,490.3132063711181,488.0170430353438
3.660000000000003,-5.446110066,-1.41164396088,22.0902736953,6.12249197833,0.220810255547,0.0,-4.99796328525,-1.9584770795,5.03624169782,-0.0786789822515,-0.0144615165952,0.0,422.71267802773076,421.2510101328368,422.91037029774736,424.0808089187822
3.720000000000003,-5.7507431051,-1.53219677846,22.3931394749,6.11746145589,0.219842148952,0.0,-5.15651952467,-2.06035209542,5.05878368765,-0.0969385651865,-0.0197118453321,0.0,458.58779869240607,458.17057241352234,457.51966352325906,456.0575318295568
3.780000000000003,-6.06457420694,-1.65870934383,22.6958241383,6.11150646629,0.218554778041,0.0,-5.30462039506,-2.15722952153,5.03046762704,-0.104322845466,-0.0251950435915,0.0,442.9632814525167,442.51203314831156,441.9624301559403,441.34467212849154
3.840000000000003,-6.38860470364,-1.7921399174,23.0025056249,6.10562681479,0.217014114956,0.0,-5.49620487635,-2.29095237964,5.19092139371,-0.0876594355037,-0.0266608491152,0.0,500.87549041095053,500.76881653613236,500.8338144294646,502.03736671238147
3.900000000000003,-6.7228919379,-1.9327184811,23.3131826029,6.10012779931,0.215499538707,0.0,-5.64679899033,-2.39545817696,5.16472147435,-0.101139681649,-0.0225484068222,0.0,445.4990491085387,445.83515476715075,447.4269998691375,446.3207822470907
3.960000000000003,-7.066032191,-2.07949264667,23.6213113326,6.09353407455,0.215185024922,0.0,-5.79141568198,-2.49753825176,5.10610076446,-0.139907602381,0.0165997547561,0.0,434.31158268634334,437.5835447528421,437.9653431486325,434.7161047315069
4.020000000000002,-7.41953481684,-2.23392842651,23.9332165611,6.08492744207,0.215889185146,0.0,-5.99202925062,-2.65102723563,5.28897904252,-0.151657736774,-0.000399779668779,0.0,511.86751224931453,510.6559604585341,511.7293294572034,510.87569815251976
4.080000000000001,-7.78395460396,-2.39670839507,24.2507433624,6.07591529271,0.215712705787,0.0,-6.15546260827,-2.77570722694,5.29456289205,-0.147443486207,-0.00858280288195,0.0,461.73848941986694,461.09237290574526,461.0451027857053,461.35770485693627
4.14,-8.15758038181,-2.56651732327,24.5656409713,6.06707797795,0.216146609194,0.0,-6.29904723371,-2.88530096029,5.20192839126,-0.146980925492,0.027819109784,0.0,428.8996032256903,431.98103292966226,430.37041511525365,430.3884672226307
4.199999999999998,-8.54047774898,-2.74361782833,24.8775449401,6.05797340921,0.217494220499,0.0,-6.46450783091,-3.01874850741,5.19412550418,-0.16353677448,0.00869615515756,0.0,459.65008207619445,458.13173129694314,459.5406039193492,458.2048710831289
4.259999999999997,-8.93324582932,-2.9287559524,25.1883255008,6.04826432332,0.217585937078,0.0,-6.62802412852,-3.15329380021,5.1646156878,-0.158589181139,-0.0193732578962,0.0,453.89965656667346,451.640795647978,453.95130965687906,454.3239376729882
4.319999999999996,-9.33539122136,-3.1216130832,25.495104513,6.03866251126,0.216349066453,0.0,-6.7771097712,-3.27605499267,5.06126865669,-0.163076010026,-0.0232200998432,0.0,430.70490640060115,430.3793438116496,429.62319075869755,429.21714289630086
4.379999999999995,-9.74600111476,-3.32139655477,25.7932835333,6.02867132492,0.215375410798,0.0,-6.91030744025,-3.38420134022,4.87841668702,-0.174480508042,-0.00500751326896,0.0,401.1484749049645,402.7994373118047,402.2396967057327,401.17532690853994
4.439999999999993,-10.1657964409,-3.52911607383,26.0854488963,6.01826209886,0.215222974305,0.0,-7.08310166498,-3.54060467087,4.85964768566,-0.171573521295,0.00198596685014,0.0,456.8285999695098,457.38610215077284,458.5682910548156,458.77130009436877
4.499999999999992,-10.5959602727,-3.74632539445,26.3761122036,6.00816705666,0.215244866277,0.0,-7.25596817607,-3.70049993431,4.82837370102,-0.162326330018,-0.00309256319753,0.0,455.58242367677826,455.1760685739025,455.3740350148964,456.08695007961506
4.559999999999991,-11.0370682078,-3.97393193952,26.6670204862,5.99865366931,0.214967910937,0.0,-7.44779340927,-3.8871096343,4.86733366879,-0.151927050305,-0.00785155853292,0.0,479.62546636015065,479.26388924772493,479.4679479582231,480.2356661646358
4.6199999999999894,-11.4897594911,-4.21292993926,26.960195525,5.98955052601,0.213944799372,0.0,-7.64206452206,-4.08016572277,4.90392776396,-0.151306789157,-0.0508742941583,0.0,483.2102664306272,479.9551021724048,481.36504596549844,481.3922492200813
4.679999999999988,-11.953625403,-4.46297850561,27.2531188163,5.98113329532,0.211116057073,0.0,-7.8202815421,-4.2555134343,4.85959757,-0.124332485323,-0.0405747662818,0.0,457.60331827384493,458.42140388224243,457.0439138904439,459.171138297677
4.739999999999987,-12.4279842672,-4.723359113,27.5422185637,5.97419548976,0.208484422319,0.0,-7.99194415752,-4.42449096938,4.77673694218,-0.10228865727,-0.0514080491644,0.0,446.3736172342698,445.48730805164683,446.18716773692614,447.971556967604
4.799999999999986,-12.9130192079,-4.99447389262,27.8277468393,5.96830740805,0.205040080519,0.0,-8.17604474406,-4.61321066487,4.74029513476,-0.0909113779634,-0.0734396739269,0.0,463.23650336737626,461.4979948815886,462.33967597553146,463.22754414585864
4.859999999999984,-13.4092367445,-5.27718273049,28.1114737859,5.96255102181,0.201087639921,0.0,-8.36463655681,-4.81093848997,4.71665580985,-0.10859282514,-0.053923248877,0.0,467.76561459120694,469.28028328039375,467.9684927450326,466.5822100692512
4.919999999999983,-13.9156502154,-5.57008243831,28.3883032684,5.95636424676,0.198165504495,0.0,-8.51632808383,-4.95316626502,4.51148108261,-0.0939484108329,-0.0399018626845,0.0,406.2284112583224,407.4824529060518,405.70547599977135,407.0082113424705
4.979999999999982,-14.4316689701,-5.87230803462,28.6547906424,5.95138129267,0.195984662233,0.0,-8.68474193557,-5.12165752417,4.37143644506,-0.0672173289748,-0.0300489246721,0.0,428.35509172749215,429.19174706490696,428.35829913019,430.61991912693856
5.0399999999999805,-14.9590698238,-6.18671641984,28.9185217221,5.94703907881,0.193832088086,0.0,-8.89545729313,-5.35890324327,4.41835163813,-0.0854350496645,-0.0512860927592,0.0,491.2726678778823,489.6945129299683,491.8250879807626,490.46996233836444
